Title
Fortune Feimster: Crushing It
The Only Girl in the Orchestra
Mary
Biggest Heist Ever
A Nonsense Christmas with Sabrina Carpenter
Joy
Hot Frosty
Our Little Secret
The Piano Lesson
Spellbound
Woman of the Hour
AfrAId
Emilia Pérez
Hit Man
The Merry Gentlemen
Rebel Ridge
Tangerine
It's What's Inside
365 Days
Thanksgiving
Senna
Don't Move
Father Figures
Klaus
Buy Now: The Shopping Conspiracy
Leave the World Behind
Predestination
Meet Me Next Christmas
The Killer
Land of Bad
Carol
The Dark Tower
Aftersun
Midway
Take Shelter
The Remarkable Life of Ibelin
The Whale
Will & Harper
The Union
Deck the Halls
His House
His Three Daughters
The Godfather
The Family Man
Uglies
The Flash
Anyone But You
Anthony Jeselnik: Bones and All
Rebel Moon: Part One - A Child of Fire
The Christmas Chronicles
Faster
Rob Peace
Spaceman
Madame Web
Reptile
The Gentlemen
Dungeons & Dragons: Honor Among Thieves
After
Whiplash
Eternal Sunshine of the Spotless Mind
Time Cut
Outside
Tarot
Bad Boys: Ride or Die
The Peanut Butter Falcon
Damsel
The Little Things
The Shadow Strays
Fair Play
Pearl
Falling for Christmas
Harold and the Purple Crayon
The Noel Diary
Free State of Jones
Silent Night
Kung Fu Panda 4
Spider-Man: Across the Spider-Verse
Focus
Jingle Jangle: A Christmas Journey
The Power of the Dog
Lift
Happy Christmas
No Hard Feelings
Cold Pursuit
Wicked Little Letters
The Gray Man
A Family Affair
Love Hard
Spy Game
A Boy Called Christmas
Emily the Criminal
Glass Onion: A Knives Out Mystery
Oblivion
Triple Frontier
Titanic
The Notebook
Miller's Girl
Family Switch
The Boy Next Door
The Wonderful Story of Henry Sugar
Lonely Planet
Call Me by Your Name
Bone Tomahawk
Irish Wish
Best. Christmas. Ever!
Run All Night
Don't Look Up
Unfrosted
Martha
Let It Snow
Daddio
Hillbilly Elegy
The Irishman
Troy
The Deliverance
Transformers
May December
Upgrade
Fast & Furious
Pixels
Collateral
American Gangster
The Babadook
The Lost Daughter
A Bad Moms Christmas
Safe House
The Lost City
The Silencing
The Equalizer 3
Ghostbusters: Frozen Empire
GTMAX
They Cloned Tyrone
Atlas
Under the Shadow
The Butterfly Effect
The Infiltrator
Aloha
Baby Driver
Red Notice
The Hateful Eight
Clown
Unhinged
Single All the Way
American Psycho
1917
Rust Creek
Fury
Pedro Páramo
Holidate
300
The Snowman
El Camino: A Breaking Bad Movie
Oldboy
The Nest
Gerald's Game
Nowhere
Feast of the Seven Fishes
Transformers: Revenge of the Fallen
The Guilty
3:10 to Yuma
"As Above, So Below"
The King
Heart of Stone
White Chicks
RRR
The Emoji Movie
American Assassin
Trigger Warning
Mudbound
2 Guns
Pompeii
Till Death
The Garfield Movie
Not Another Teen Movie
Logan Lucky
The Long Game
Alone
Disappearance at Clifton Hill
Daughters
A Simple Favor
65
Beverly Hills Cop: Axel F
Gran Turismo: Based on a True Story
Fractured
The Matrix Resurrections
Outside In
Just Go With It
Rebel Moon: Part Two - The Scargiver
Zero Dark Thirty
A Castle for Christmas
The Autopsy of Jane Doe
Creep
White Boy Rick
Cats
Darkest Hour
Pain Hustlers
Shot Caller
The Stranger
The Fast and the Furious: Tokyo Drift
Transformers: Age of Extinction
